1 IND1 0 0 1 0 2.54 47
1 SAMP345 0 0 2 0 -2.88 25
1 3 0 0 2 1 4.37 29
1 SUB4 SAMP345 IND1 1 0 -4.35 37
1 5 SAMP345 IND1 2 0 3.73 51
1 6 0 0 1 0 1.66 28
1 7 SAMP345 IND1 2 0 1.61 49
1 8 0 0 1 1 1.23 32
1 9 SAMP345 IND1 2 0 2.67 34
1 10 0 0 1 0 -3.64 41
1 11 3 SUB4 2 1 -3.08 26
1 12 3 SUB4 1 1 3.89 41
1 13 3 SUB4 1 1 2.58 24
1 14 5 6 2 0 0.92 58
1 15 5 6 1 1 3.96 62
1 16 5 6 2 1 -1.34 46
1 17 7 8 1 1 -1.1 48
1 18 7 8 2 1 0.46 40
1 19 9 10 2 0 1.44 24
1 20 9 10 1 1 1.53 54
1 21 9 10 2 1 -0.93 36
1 22 9 10 1 0 1.46 36
1 23 0 0 1 0 -1.49 47
1 24 0 0 2 1 -2.57 42
1 25 0 0 2 0 1.66 52
1 26 24 23 1 1 -0.54 29
1 27 24 23 2 0 -0.48 33
1 28 0 0 1 1 1.53 50
1 29 24 23 2 1 -4.11 43
1 30 0 0 1 0 0.32 32
1 31 24 23 2 1 0.71 35
1 32 0 0 1 0 -1.9 41
1 33 25 26 2 0 -2.02 35
1 34 25 26 1 1 -2.58 30
1 35 25 26 1 0 2.9 33
1 36 27 28 2 0 -2.99 48
1 37 27 28 1 0 4.46 26
1 38 27 28 2 1 -0.96 32
1 39 29 30 1 0 2.88 36
1 40 29 30 2 1 2.84 49
1 41 31 32 2 0 4.9 37
1 42 31 32 1 1 -0.68 29
1 43 31 32 2 1 -3.84 30
1 44 31 32 1 1 -1.48 36
1 45 0 0 1 0 -4.1 42
1 46 0 0 2 1 3.59 34
1 47 0 0 2 0 3.49 49
1 48 46 45 1 0 -2.12 44
1 49 46 45 2 1 -0.85 54
1 50 0 0 1 0 2.28 28
1 51 46 45 2 0 -0.26 36
1 52 0 0 1 1 -1.51 20
1 53 46 45 2 1 -1.07 64
1 54 0 0 1 0 -3.82 49
1 55 47 48 2 0 1.46 63
1 56 47 48 1 0 -2.99 58
1 57 47 48 1 1 0.94 53
1 58 49 50 2 1 1.39 43
1 59 49 50 1 0 1.2 29
1 60 49 50 2 0 -1.19 39
1 61 51 52 1 0 -3.56 41
1 62 51 52 2 1 -4.59 35
1 63 53 54 2 1 -3.67 37
1 64 53 54 1 0 0.18 32
1 65 53 54 2 1 4.23 42
1 66 53 54 1 1 -0.11 32
1 67 0 0 1 0 -0.07 44
1 68 0 0 2 0 3.82 39
1 69 0 0 2 0 2.98 53
1 70 68 67 1 1 -1.7 38
1 71 68 67 2 1 -2.07 42
1 72 0 0 1 1 -4.52 19
1 73 68 67 2 1 0.05 54
1 74 0 0 1 0 0.12 57
1 75 68 67 2 0 -1.79 44
1 76 0 0 1 1 -2.76 48
1 77 69 70 2 0 -1.73 27
1 78 69 70 1 0 0.21 45
1 79 69 70 1 1 -3.82 38
1 80 71 72 2 0 2.84 37
1 81 71 72 1 1 0.38 39
1 82 71 72 2 0 4.82 44
1 83 73 74 1 1 1.99 46
1 84 73 74 2 0 4.43 44
1 85 75 76 2 0 -3 23
1 86 75 76 1 0 0.72 41
1 87 75 76 2 1 -2.4 36
1 88 75 76 1 0 4.13 48
1 89 0 0 1 1 -0.54 39
1 90 0 0 2 0 4.84 55
1 91 0 0 2 1 -0.44 52
1 92 90 89 1 1 -2.75 39
1 93 90 89 2 0 -3.82 47
1 94 0 0 1 1 2.56 29
1 95 90 89 2 1 4.12 46
1 96 0 0 1 1 -1.42 44
1 97 90 89 2 0 -2.52 42
1 98 0 0 1 1 0.35 34
1 99 91 92 2 0 -1.49 64
1 100 91 92 1 1 2.84 42
1 101 91 92 1 1 4.19 31
1 102 93 94 2 0 3.02 40
1 103 93 94 1 0 -4.07 50
1 104 93 94 2 0 1.06 49
1 105 95 96 1 1 0.78 35
1 106 95 96 2 0 -1.47 34
1 107 97 98 2 0 2.01 35
1 108 97 98 1 1 -2.33 22
1 109 97 98 2 1 -3.8 20
1 110 97 98 1 1 2.72 43
1 111 0 0 1 0 2.75 27
1 112 0 0 2 0 4.32 31
1 113 0 0 2 0 3.19 39
1 114 112 111 1 1 -0.63 45
1 115 112 111 2 1 -2.46 47
1 116 0 0 1 1 3.17 32
1 117 112 111 2 0 -4.92 38
1 118 0 0 1 0 -2.97 44
1 119 112 111 2 1 -2.55 60
1 120 0 0 1 0 -0.43 30
1 121 113 114 2 0 -1.09 47
1 122 113 114 1 0 1.74 38
1 123 113 114 1 0 4.83 39
1 124 115 116 2 0 -4.82 43
1 125 115 116 1 1 -2.37 25
1 126 115 116 2 0 0.95 41
1 127 117 118 1 1 -0.58 48
1 128 117 118 2 0 3.24 45
1 129 119 120 2 1 4.89 44
1 130 119 120 1 1 -1.83 29
1 131 119 120 2 1 0.69 25
1 132 119 120 1 0 -1.57 36
1 133 0 0 1 1 -1.47 31
1 134 0 0 2 0 -3.58 55
1 135 0 0 2 0 -3.57 33
1 136 134 133 1 1 -0.02 55
1 137 134 133 2 0 -3.87 32
1 138 0 0 1 1 1.41 38
1 139 134 133 2 1 -1.44 54
1 140 0 0 1 1 2.12 39
1 141 134 133 2 1 3.24 33
1 142 0 0 1 0 2.88 40
1 143 135 136 2 1 -3.09 20
1 144 135 136 1 1 -3.78 54
1 145 135 136 1 1 4.12 45
1 146 137 138 2 1 -2.87 36
1 147 137 138 1 0 2.38 32
1 148 137 138 2 1 3.06 37
1 149 139 140 1 1 -2.4 21
1 150 139 140 2 0 -3.07 28
1 151 141 142 2 1 3.72 42
1 152 141 142 1 1 -0.24 67
1 153 141 142 2 0 4.32 30
1 154 141 142 1 1 0.81 40
1 155 0 0 1 0 -1.78 41
1 156 0 0 2 0 1.12 28
1 157 0 0 2 1 -4.35 53
1 158 156 155 1 1 -1.2 23
1 159 156 155 2 1 -4.72 25
1 160 0 0 1 1 -0.54 35
1 161 156 155 2 1 3.98 47
1 162 0 0 1 1 -3.51 42
1 163 156 155 2 1 2.76 46
1 164 0 0 1 1 -2.37 39
1 165 157 158 2 1 0.22 38
1 166 157 158 1 1 -0.97 52
1 167 157 158 1 1 -4.4 40
1 168 159 160 2 0 -0.64 53
1 169 159 160 1 0 1.67 45
1 170 159 160 2 0 2.58 39
1 171 161 162 1 0 2.57 40
1 172 161 162 2 0 -1.08 37
1 173 163 164 2 1 3.22 51
1 174 163 164 1 1 3.77 26
1 175 163 164 2 0 4.87 27
1 176 163 164 1 0 -3.67 31
1 177 0 0 1 1 -3.41 50
1 178 0 0 2 0 1.95 31
1 179 0 0 2 1 -0.25 27
1 180 178 177 1 1 -0.39 57
1 181 178 177 2 0 4.98 40
1 182 0 0 1 0 -0.95 41
1 183 178 177 2 1 -0.49 28
1 184 0 0 1 1 2.65 36
1 185 178 177 2 1 4.46 46
1 186 0 0 1 0 -4.65 49
1 187 179 180 2 0 -3.82 51
1 188 179 180 1 0 2.46 40
1 189 179 180 1 0 -0.74 45
1 190 181 182 2 1 1.66 34
1 191 181 182 1 1 4.88 54
1 192 181 182 2 0 -4.74 38
1 193 183 184 1 1 0.74 31
1 194 183 184 2 1 -4.02 39
1 195 185 186 2 1 -3.73 35
1 196 185 186 1 0 -1.7 37
1 197 185 186 2 1 -0.45 30
1 198 185 186 1 1 3.05 14
1 199 0 0 1 0 -2.13 39
1 200 0 0 2 0 2.59 11
1 201 0 0 2 0 2.34 43
1 202 200 199 1 1 -3.73 32
1 203 200 199 2 1 0.3 46
1 204 0 0 1 1 1.78 55
1 205 200 199 2 1 -0.87 38
1 206 0 0 1 0 3 27
1 207 200 199 2 0 -1.09 61
1 208 0 0 1 0 2.06 50
1 209 201 202 2 0 -2.51 39
1 210 201 202 1 1 -2.63 45
1 211 201 202 1 0 -3.65 45
1 212 203 204 2 0 2.56 24
1 213 203 204 1 0 -2.18 34
1 214 203 204 2 1 -0.87 45
1 215 205 206 1 1 3.61 30
1 216 205 206 2 0 0.74 39
1 217 207 208 2 1 -4.14 44
1 218 207 208 1 0 1.62 45
1 219 207 208 2 1 3.69 65
1 220 207 208 1 1 3.86 23
